155
175
141
180
121
189
104
191
168
135
199
140
164
161
170
149
129
129
146
150
159
119
117
195
132
178
194
101
188
180
189
102
133
139
128
177
135
108
168
153
155
198
186
165
191
119
119
105
104
108
122
142
194
120
141
118
130
140
165
123
101
171
165
144
190
198
1000401
1000169
169
148
148
146
193
192
169
188
165
123
137
158
132
104
134
127
105
129
130
150
167
159
106
177
139
167
186
141
164
186
164
186
160
152
173
139
106
129
180
158
122
148
105
144
101
120
179
186
170
198
177
163
134
140
145
169
199
122
151
138
159
173
117
197
116
177
161
134
149
150
191
114
1000228
1000156
142
124
110
143
168
123
119
102
123
116
199
191
156
168
186
117
189
139
126
190
163
181
151
172
151
134
151
103
124
153
160
161
170
109
182
154
194
137
166
172
168
107
104
138
164
172
106
183
163
125
153
160
125
122
176
162
184
109
123
115
